
F2 baseline: 0.9266893254910842, 0.019610816133580573
F2 label propagation: 0.9317626177524008, 0.015977833797711307
F2 semi-supervised: 0.9380274296831849, 0.017598894173987016
Baseline
 0.9231
 0.9101
 0.9436
 0.9340
 0.8677
 0.9271
 0.9206
 0.9319
 0.9110
 0.9135
 0.9479
 0.8969
 0.8947
 0.9167
 0.9271
 0.9442
 0.9231
 0.9381
 0.9091
 0.9412
 0.9305
 0.9184
 0.9254
 0.9231
 0.9442
 0.9223
 0.9688
 0.8832
 0.9286
 0.9247
 0.8757
 0.8995
 0.9263
 0.9442
 0.9648
 0.9490
 0.9548
 0.9271
 0.9167
 0.9381
 0.9239
 0.9223
 0.9645
 0.9239
 0.9548
 0.9278
 0.9263
 0.9430
 0.9442
 0.9688
 0.9293
 0.9239
 0.9055
 0.9400
 0.9333
 0.9479
 0.9340
 0.8980
 0.9442
 0.9101
 0.9495
 0.9400
 0.9216
 0.9247
 0.9110
 0.9442
 0.9246
 0.8947
 0.8980
 0.9119
 0.9326
 0.9239
 0.9110
 0.9091
 0.9347
 0.9490
 0.9447
 0.8945
 0.9167
 0.9286
 0.9286
 0.9305
 0.9293
 0.9375
 0.9072
 0.9596
 0.9388
 0.9053
 0.9010
 0.9271
 0.9062
 0.9000
 0.9388
 0.9110
 0.9231
 0.9436
 0.9362
 0.9200
 0.9436
 0.9648

Label propagation
 0.9312
 0.9032
 0.9412
 0.9340
 0.9022
 0.9579
 0.9247
 0.9362
 0.9091
 0.9278
 0.9529
 0.9247
 0.9263
 0.9247
 0.9474
 0.9479
 0.9255
 0.9375
 0.9130
 0.9600
 0.9355
 0.9362
 0.9271
 0.9053
 0.9538
 0.9312
 0.9468
 0.9110
 0.9362
 0.9424
 0.9022
 0.9011
 0.9071
 0.9368
 0.9529
 0.9255
 0.9430
 0.9140
 0.9130
 0.9474
 0.9319
 0.9255
 0.9579
 0.9418
 0.9442
 0.9474
 0.9247
 0.9529
 0.9688
 0.9744
 0.9368
 0.9167
 0.9255
 0.9424
 0.9180
 0.9474
 0.9479
 0.9128
 0.9430
 0.9130
 0.9430
 0.9278
 0.9319
 0.9239
 0.8995
 0.9436
 0.9534
 0.9110
 0.9263
 0.9362
 0.9529
 0.9362
 0.9312
 0.9247
 0.9538
 0.9255
 0.9424
 0.9263
 0.9381
 0.9140
 0.9326
 0.9255
 0.9128
 0.9305
 0.9032
 0.9468
 0.9255
 0.9130
 0.9333
 0.9247
 0.9043
 0.9189
 0.9319
 0.9255
 0.9368
 0.9524
 0.9362
 0.9368
 0.9319
 0.9424

Semi-supervised
 0.9333
 0.9140
 0.9534
 0.9442
 0.8947
 0.9319
 0.9362
 0.9375
 0.9167
 0.9479
 0.9529
 0.9319
 0.9101
 0.9312
 0.9412
 0.9637
 0.9175
 0.9479
 0.9198
 0.9543
 0.9368
 0.9375
 0.9340
 0.9271
 0.9340
 0.9326
 0.9634
 0.9053
 0.9436
 0.9424
 0.9032
 0.8995
 0.9206
 0.9534
 0.9596
 0.9592
 0.9375
 0.9319
 0.9101
 0.9534
 0.9223
 0.9412
 0.9691
 0.9286
 0.9592
 0.9319
 0.9430
 0.9529
 0.9490
 0.9798
 0.9175
 0.9436
 0.9430
 0.9588
 0.9418
 0.9529
 0.9538
 0.9239
 0.9645
 0.9175
 0.9543
 0.9436
 0.9184
 0.9474
 0.8995
 0.9548
 0.9300
 0.9167
 0.9119
 0.9175
 0.9691
 0.9246
 0.9418
 0.9583
 0.9442
 0.9430
 0.9543
 0.9319
 0.9333
 0.9278
 0.9637
 0.9362
 0.9333
 0.9424
 0.9043
 0.9479
 0.9534
 0.9319
 0.9406
 0.9424
 0.9101
 0.9394
 0.9490
 0.9381
 0.9479
 0.9479
 0.9418
 0.9326
 0.9430
 0.9749
